cub pir esf
