{'deviations': 0,
 'emotionCount': 0,
 'numberWord': 1.0,
 'sucRate': 0.9523809523809523,
 'time2ans': 3.0}
{'deviations': 0,
 'emotionCount': 0,
 'numberWord': 1.0,
 'sucRate': 0.8928571428571429,
 'time2ans': 2.0}
